3 3 35 11 39 15
0
0
0
0
0.058338
0.0997282
0.14926
0.198628
0.247855
0.29697
0.337858
0.370577
0.395193
0.419957
0.440753
0.457613
0.470638
0.481894
0.492909
0.502817
0.512545
0.522468
0.53316
0.545685
0.56214
0.582617
0.607153
0.63167
0.664363
0.705245
0.754324
0.803425
0.852543
0.901671
0.942615
1
1
1
1
0
0
0
0
0.2
0.3
0.4
0.5
0.6
0.7
0.8
1
1
1
1
100 0 0
96.1532 0.987942 0
89.4822 2.19348 0
79.47 3.8711 0
70.0271 5.21391 0
60.0251 6.41136 0
50.0185 7.28556 0
40.5677 7.84517 0
32.2192 7.97944 0
25.5436 7.74704 0
19.9774 7.29726 0
15.2429 6.69008 0
11.0661 5.92505 0
7.72534 5.05523 0
5.06891 4.20328 0
2.83945 3.21841 0
1.01449 2.14486 0
-0.507545 0.120607 0
1.01889 -1.70427 0
2.9083 -2.45043 0
5.09394 -3.07668 0
7.7517 -3.52738 0
11.1001 -3.87162 0
15.2704 -4.14508 0
19.9981 -4.25141 0
25.5568 -4.23362 0
32.2237 -4.06844 0
40.56 -3.79973 0
50.0047 -3.36215 0
60.002 -2.76459 0
70.0016 -2.13856 0
79.4457 -1.55495 0
89.4484 -0.822767 0
96.1216 -0.463492 0
100 0 0
100 0 13.3333
96.1532 0.987942 13.3333
89.4822 2.19348 13.3333
79.47 3.8711 13.3333
70.0271 5.21391 13.3333
60.0251 6.41136 13.3333
50.0185 7.28556 13.3333
40.5677 7.84517 13.3333
32.2192 7.97944 13.3333
25.5436 7.74704 13.3333
19.9774 7.29726 13.3333
15.2429 6.69008 13.3333
11.0661 5.92505 13.3333
7.72534 5.05523 13.3333
5.06891 4.20328 13.3333
2.83945 3.21841 13.3333
1.01449 2.14486 13.3333
-0.507545 0.120607 13.3333
1.01889 -1.70427 13.3333
2.9083 -2.45043 13.3333
5.09394 -3.07668 13.3333
7.7517 -3.52738 13.3333
11.1001 -3.87162 13.3333
15.2704 -4.14508 13.3333
19.9981 -4.25141 13.3333
25.5568 -4.23362 13.3333
32.2237 -4.06844 13.3333
40.56 -3.79973 13.3333
50.0047 -3.36215 13.3333
60.002 -2.76459 13.3333
70.0016 -2.13856 13.3333
79.4457 -1.55495 13.3333
89.4484 -0.822767 13.3333
96.1216 -0.463492 13.3333
100 0 13.3333
100 0 33.3333
96.1532 0.987942 33.3333
89.4822 2.19348 33.3333
79.47 3.8711 33.3333
70.0271 5.21391 33.3333
60.0251 6.41136 33.3333
50.0185 7.28556 33.3333
40.5677 7.84517 33.3333
32.2192 7.97944 33.3333
25.5436 7.74704 33.3333
19.9774 7.29726 33.3333
15.2429 6.69008 33.3333
11.0661 5.92505 33.3333
7.72534 5.05523 33.3333
5.06891 4.20328 33.3333
2.83945 3.21841 33.3333
1.01449 2.14486 33.3333
-0.507545 0.120607 33.3333
1.01889 -1.70427 33.3333
2.9083 -2.45043 33.3333
5.09394 -3.07668 33.3333
7.7517 -3.52738 33.3333
11.1001 -3.87162 33.3333
15.2704 -4.14508 33.3333
19.9981 -4.25141 33.3333
25.5568 -4.23362 33.3333
32.2237 -4.06844 33.3333
40.56 -3.79973 33.3333
50.0047 -3.36215 33.3333
60.002 -2.76459 33.3333
70.0016 -2.13856 33.3333
79.4457 -1.55495 33.3333
89.4484 -0.822767 33.3333
96.1216 -0.463492 33.3333
100 0 33.3333
100 0 60
96.1532 0.987942 60
89.4822 2.19348 60
79.47 3.8711 60
70.0271 5.21391 60
60.0251 6.41136 60
50.0185 7.28556 60
40.5677 7.84517 60
32.2192 7.97944 60
25.5436 7.74704 60
19.9774 7.29726 60
15.2429 6.69008 60
11.0661 5.92505 60
7.72534 5.05523 60
5.06891 4.20328 60
2.83945 3.21841 60
1.01449 2.14486 60
-0.507545 0.120607 60
1.01889 -1.70427 60
2.9083 -2.45043 60
5.09394 -3.07668 60
7.7517 -3.52738 60
11.1001 -3.87162 60
15.2704 -4.14508 60
19.9981 -4.25141 60
25.5568 -4.23362 60
32.2237 -4.06844 60
40.56 -3.79973 60
50.0047 -3.36215 60
60.002 -2.76459 60
70.0016 -2.13856 60
79.4457 -1.55495 60
89.4484 -0.822767 60
96.1216 -0.463492 60
100 0 60
100 0 80
96.1532 0.987942 80
89.4822 2.19348 80
79.47 3.8711 80
70.0271 5.21391 80
60.0251 6.41136 80
50.0185 7.28556 80
40.5677 7.84517 80
32.2192 7.97944 80
25.5436 7.74704 80
19.9774 7.29726 80
15.2429 6.69008 80
11.0661 5.92505 80
7.72534 5.05523 80
5.06891 4.20328 80
2.83945 3.21841 80
1.01449 2.14486 80
-0.507545 0.120607 80
1.01889 -1.70427 80
2.9083 -2.45043 80
5.09394 -3.07668 80
7.7517 -3.52738 80
11.1001 -3.87162 80
15.2704 -4.14508 80
19.9981 -4.25141 80
25.5568 -4.23362 80
32.2237 -4.06844 80
40.56 -3.79973 80
50.0047 -3.36215 80
60.002 -2.76459 80
70.0016 -2.13856 80
79.4457 -1.55495 80
89.4484 -0.822767 80
96.1216 -0.463492 80
100 0 80
100 0 100
96.1532 0.987942 100
89.4822 2.19348 100
79.47 3.8711 100
70.0271 5.21391 100
60.0251 6.41136 100
50.0185 7.28556 100
40.5677 7.84517 100
32.2192 7.97944 100
25.5436 7.74704 100
19.9774 7.29726 100
15.2429 6.69008 100
11.0661 5.92505 100
7.72534 5.05523 100
5.06891 4.20328 100
2.83945 3.21841 100
1.01449 2.14486 100
-0.507545 0.120607 100
1.01889 -1.70427 100
2.9083 -2.45043 100
5.09394 -3.07668 100
7.7517 -3.52738 100
11.1001 -3.87162 100
15.2704 -4.14508 100
19.9981 -4.25141 100
25.5568 -4.23362 100
32.2237 -4.06844 100
40.56 -3.79973 100
50.0047 -3.36215 100
60.002 -2.76459 100
70.0016 -2.13856 100
79.4457 -1.55495 100
89.4484 -0.822767 100
96.1216 -0.463492 100
100 0 100
100 0 120
96.1532 0.987942 120
89.4822 2.19348 120
79.47 3.8711 120
70.0271 5.21391 120
60.0251 6.41136 120
50.0185 7.28556 120
40.5677 7.84517 120
32.2192 7.97944 120
25.5436 7.74704 120
19.9774 7.29726 120
15.2429 6.69008 120
11.0661 5.92505 120
7.72534 5.05523 120
5.06891 4.20328 120
2.83945 3.21841 120
1.01449 2.14486 120
-0.507545 0.120607 120
1.01889 -1.70427 120
2.9083 -2.45043 120
5.09394 -3.07668 120
7.7517 -3.52738 120
11.1001 -3.87162 120
15.2704 -4.14508 120
19.9981 -4.25141 120
25.5568 -4.23362 120
32.2237 -4.06844 120
40.56 -3.79973 120
50.0047 -3.36215 120
60.002 -2.76459 120
70.0016 -2.13856 120
79.4457 -1.55495 120
89.4484 -0.822767 120
96.1216 -0.463492 120
100 0 120
100 0 140
96.1532 0.987942 140
89.4822 2.19348 140
79.47 3.8711 140
70.0271 5.21391 140
60.0251 6.41136 140
50.0185 7.28556 140
40.5677 7.84517 140
32.2192 7.97944 140
25.5436 7.74704 140
19.9774 7.29726 140
15.2429 6.69008 140
11.0661 5.92505 140
7.72534 5.05523 140
5.06891 4.20328 140
2.83945 3.21841 140
1.01449 2.14486 140
-0.507545 0.120607 140
1.01889 -1.70427 140
2.9083 -2.45043 140
5.09394 -3.07668 140
7.7517 -3.52738 140
11.1001 -3.87162 140
15.2704 -4.14508 140
19.9981 -4.25141 140
25.5568 -4.23362 140
32.2237 -4.06844 140
40.56 -3.79973 140
50.0047 -3.36215 140
60.002 -2.76459 140
70.0016 -2.13856 140
79.4457 -1.55495 140
89.4484 -0.822767 140
96.1216 -0.463492 140
100 0 140
100 0 166.667
96.1532 0.987942 166.667
89.4822 2.19348 166.667
79.47 3.8711 166.667
70.0271 5.21391 166.667
60.0251 6.41136 166.667
50.0185 7.28556 166.667
40.5677 7.84517 166.667
32.2192 7.97944 166.667
25.5436 7.74704 166.667
19.9774 7.29726 166.667
15.2429 6.69008 166.667
11.0661 5.92505 166.667
7.72534 5.05523 166.667
5.06891 4.20328 166.667
2.83945 3.21841 166.667
1.01449 2.14486 166.667
-0.507545 0.120607 166.667
1.01889 -1.70427 166.667
2.9083 -2.45043 166.667
5.09394 -3.07668 166.667
7.7517 -3.52738 166.667
11.1001 -3.87162 166.667
15.2704 -4.14508 166.667
19.9981 -4.25141 166.667
25.5568 -4.23362 166.667
32.2237 -4.06844 166.667
40.56 -3.79973 166.667
50.0047 -3.36215 166.667
60.002 -2.76459 166.667
70.0016 -2.13856 166.667
79.4457 -1.55495 166.667
89.4484 -0.822767 166.667
96.1216 -0.463492 166.667
100 0 166.667
100 0 186.667
96.1532 0.987942 186.667
89.4822 2.19348 186.667
79.47 3.8711 186.667
70.0271 5.21391 186.667
60.0251 6.41136 186.667
50.0185 7.28556 186.667
40.5677 7.84517 186.667
32.2192 7.97944 186.667
25.5436 7.74704 186.667
19.9774 7.29726 186.667
15.2429 6.69008 186.667
11.0661 5.92505 186.667
7.72534 5.05523 186.667
5.06891 4.20328 186.667
2.83945 3.21841 186.667
1.01449 2.14486 186.667
-0.507545 0.120607 186.667
1.01889 -1.70427 186.667
2.9083 -2.45043 186.667
5.09394 -3.07668 186.667
7.7517 -3.52738 186.667
11.1001 -3.87162 186.667
15.2704 -4.14508 186.667
19.9981 -4.25141 186.667
25.5568 -4.23362 186.667
32.2237 -4.06844 186.667
40.56 -3.79973 186.667
50.0047 -3.36215 186.667
60.002 -2.76459 186.667
70.0016 -2.13856 186.667
79.4457 -1.55495 186.667
89.4484 -0.822767 186.667
96.1216 -0.463492 186.667
100 0 186.667
100 0 200
96.1532 0.987942 200
89.4822 2.19348 200
79.47 3.8711 200
70.0271 5.21391 200
60.0251 6.41136 200
50.0185 7.28556 200
40.5677 7.84517 200
32.2192 7.97944 200
25.5436 7.74704 200
19.9774 7.29726 200
15.2429 6.69008 200
11.0661 5.92505 200
7.72534 5.05523 200
5.06891 4.20328 200
2.83945 3.21841 200
1.01449 2.14486 200
-0.507545 0.120607 200
1.01889 -1.70427 200
2.9083 -2.45043 200
5.09394 -3.07668 200
7.7517 -3.52738 200
11.1001 -3.87162 200
15.2704 -4.14508 200
19.9981 -4.25141 200
25.5568 -4.23362 200
32.2237 -4.06844 200
40.56 -3.79973 200
50.0047 -3.36215 200
60.002 -2.76459 200
70.0016 -2.13856 200
79.4457 -1.55495 200
89.4484 -0.822767 200
96.1216 -0.463492 200
100 0 200
