1 0 0
0.961532 0.00987942 0
0.894822 0.0219348 0
0.7947 0.038711 0
0.700271 0.0521391 0
0.600251 0.0641136 0
0.500185 0.0728556 0
0.405677 0.0784517 0
0.322192 0.0797944 0
0.255436 0.0774704 0
0.199774 0.0729726 0
0.152429 0.0669008 0
0.110661 0.0592505 0
0.0772534 0.0505523 0
0.0506891 0.0420328 0
0.0283945 0.0321841 0
0.0101449 0.0214486 0
-0.00507545 0.00120607 0
0.0101889 -0.0170427 0
0.029083 -0.0245043 0
0.0509394 -0.0307668 0
0.077517 -0.0352738 0
0.111001 -0.0387162 0
0.152704 -0.0414508 0
0.199981 -0.0425141 0
0.255568 -0.0423362 0
0.322237 -0.0406844 0
0.4056 -0.0379973 0
0.500047 -0.0336215 0
0.60002 -0.0276459 0
0.700016 -0.0213856 0
0.794457 -0.0155495 0
0.894484 -0.00822767 0
0.961216 -0.00463492 0
1 0 0
1 0 0.133333
0.961532 0.00987942 0.133333
0.894822 0.0219348 0.133333
0.7947 0.038711 0.133333
0.700271 0.0521391 0.133333
0.600251 0.0641136 0.133333
0.500185 0.0728556 0.133333
0.405677 0.0784517 0.133333
0.322192 0.0797944 0.133333
0.255436 0.0774704 0.133333
0.199774 0.0729726 0.133333
0.152429 0.0669008 0.133333
0.110661 0.0592505 0.133333
0.0772534 0.0505523 0.133333
0.0506891 0.0420328 0.133333
0.0283945 0.0321841 0.133333
0.0101449 0.0214486 0.133333
-0.00507545 0.00120607 0.133333
0.0101889 -0.0170427 0.133333
0.029083 -0.0245043 0.133333
0.0509394 -0.0307668 0.133333
0.077517 -0.0352738 0.133333
0.111001 -0.0387162 0.133333
0.152704 -0.0414508 0.133333
0.199981 -0.0425141 0.133333
0.255568 -0.0423362 0.133333
0.322237 -0.0406844 0.133333
0.4056 -0.0379973 0.133333
0.500047 -0.0336215 0.133333
0.60002 -0.0276459 0.133333
0.700016 -0.0213856 0.133333
0.794457 -0.0155495 0.133333
0.894484 -0.00822767 0.133333
0.961216 -0.00463492 0.133333
1 0 0.133333
1 0 0.333333
0.961532 0.00987942 0.333333
0.894822 0.0219348 0.333333
0.7947 0.038711 0.333333
0.700271 0.0521391 0.333333
0.600251 0.0641136 0.333333
0.500185 0.0728556 0.333333
0.405677 0.0784517 0.333333
0.322192 0.0797944 0.333333
0.255436 0.0774704 0.333333
0.199774 0.0729726 0.333333
0.152429 0.0669008 0.333333
0.110661 0.0592505 0.333333
0.0772534 0.0505523 0.333333
0.0506891 0.0420328 0.333333
0.0283945 0.0321841 0.333333
0.0101449 0.0214486 0.333333
-0.00507545 0.00120607 0.333333
0.0101889 -0.0170427 0.333333
0.029083 -0.0245043 0.333333
0.0509394 -0.0307668 0.333333
0.077517 -0.0352738 0.333333
0.111001 -0.0387162 0.333333
0.152704 -0.0414508 0.333333
0.199981 -0.0425141 0.333333
0.255568 -0.0423362 0.333333
0.322237 -0.0406844 0.333333
0.4056 -0.0379973 0.333333
0.500047 -0.0336215 0.333333
0.60002 -0.0276459 0.333333
0.700016 -0.0213856 0.333333
0.794457 -0.0155495 0.333333
0.894484 -0.00822767 0.333333
0.961216 -0.00463492 0.333333
1 0 0.333333
1 0 0.6
0.961532 0.00987942 0.6
0.894822 0.0219348 0.6
0.7947 0.038711 0.6
0.700271 0.0521391 0.6
0.600251 0.0641136 0.6
0.500185 0.0728556 0.6
0.405677 0.0784517 0.6
0.322192 0.0797944 0.6
0.255436 0.0774704 0.6
0.199774 0.0729726 0.6
0.152429 0.0669008 0.6
0.110661 0.0592505 0.6
0.0772534 0.0505523 0.6
0.0506891 0.0420328 0.6
0.0283945 0.0321841 0.6
0.0101449 0.0214486 0.6
-0.00507545 0.00120607 0.6
0.0101889 -0.0170427 0.6
0.029083 -0.0245043 0.6
0.0509394 -0.0307668 0.6
0.077517 -0.0352738 0.6
0.111001 -0.0387162 0.6
0.152704 -0.0414508 0.6
0.199981 -0.0425141 0.6
0.255568 -0.0423362 0.6
0.322237 -0.0406844 0.6
0.4056 -0.0379973 0.6
0.500047 -0.0336215 0.6
0.60002 -0.0276459 0.6
0.700016 -0.0213856 0.6
0.794457 -0.0155495 0.6
0.894484 -0.00822767 0.6
0.961216 -0.00463492 0.6
1 0 0.6
1 0 0.8
0.961532 0.00987942 0.8
0.894822 0.0219348 0.8
0.7947 0.038711 0.8
0.700271 0.0521391 0.8
0.600251 0.0641136 0.8
0.500185 0.0728556 0.8
0.405677 0.0784517 0.8
0.322192 0.0797944 0.8
0.255436 0.0774704 0.8
0.199774 0.0729726 0.8
0.152429 0.0669008 0.8
0.110661 0.0592505 0.8
0.0772534 0.0505523 0.8
0.0506891 0.0420328 0.8
0.0283945 0.0321841 0.8
0.0101449 0.0214486 0.8
-0.00507545 0.00120607 0.8
0.0101889 -0.0170427 0.8
0.029083 -0.0245043 0.8
0.0509394 -0.0307668 0.8
0.077517 -0.0352738 0.8
0.111001 -0.0387162 0.8
0.152704 -0.0414508 0.8
0.199981 -0.0425141 0.8
0.255568 -0.0423362 0.8
0.322237 -0.0406844 0.8
0.4056 -0.0379973 0.8
0.500047 -0.0336215 0.8
0.60002 -0.0276459 0.8
0.700016 -0.0213856 0.8
0.794457 -0.0155495 0.8
0.894484 -0.00822767 0.8
0.961216 -0.00463492 0.8
1 0 0.8
1 0 1
0.961532 0.00987942 1
0.894822 0.0219348 1
0.7947 0.038711 1
0.700271 0.0521391 1
0.600251 0.0641136 1
0.500185 0.0728556 1
0.405677 0.0784517 1
0.322192 0.0797944 1
0.255436 0.0774704 1
0.199774 0.0729726 1
0.152429 0.0669008 1
0.110661 0.0592505 1
0.0772534 0.0505523 1
0.0506891 0.0420328 1
0.0283945 0.0321841 1
0.0101449 0.0214486 1
-0.00507545 0.00120607 1
0.0101889 -0.0170427 1
0.029083 -0.0245043 1
0.0509394 -0.0307668 1
0.077517 -0.0352738 1
0.111001 -0.0387162 1
0.152704 -0.0414508 1
0.199981 -0.0425141 1
0.255568 -0.0423362 1
0.322237 -0.0406844 1
0.4056 -0.0379973 1
0.500047 -0.0336215 1
0.60002 -0.0276459 1
0.700016 -0.0213856 1
0.794457 -0.0155495 1
0.894484 -0.00822767 1
0.961216 -0.00463492 1
1 0 1
1 0 1.2
0.961532 0.00987942 1.2
0.894822 0.0219348 1.2
0.7947 0.038711 1.2
0.700271 0.0521391 1.2
0.600251 0.0641136 1.2
0.500185 0.0728556 1.2
0.405677 0.0784517 1.2
0.322192 0.0797944 1.2
0.255436 0.0774704 1.2
0.199774 0.0729726 1.2
0.152429 0.0669008 1.2
0.110661 0.0592505 1.2
0.0772534 0.0505523 1.2
0.0506891 0.0420328 1.2
0.0283945 0.0321841 1.2
0.0101449 0.0214486 1.2
-0.00507545 0.00120607 1.2
0.0101889 -0.0170427 1.2
0.029083 -0.0245043 1.2
0.0509394 -0.0307668 1.2
0.077517 -0.0352738 1.2
0.111001 -0.0387162 1.2
0.152704 -0.0414508 1.2
0.199981 -0.0425141 1.2
0.255568 -0.0423362 1.2
0.322237 -0.0406844 1.2
0.4056 -0.0379973 1.2
0.500047 -0.0336215 1.2
0.60002 -0.0276459 1.2
0.700016 -0.0213856 1.2
0.794457 -0.0155495 1.2
0.894484 -0.00822767 1.2
0.961216 -0.00463492 1.2
1 0 1.2
1 0 1.4
0.961532 0.00987942 1.4
0.894822 0.0219348 1.4
0.7947 0.038711 1.4
0.700271 0.0521391 1.4
0.600251 0.0641136 1.4
0.500185 0.0728556 1.4
0.405677 0.0784517 1.4
0.322192 0.0797944 1.4
0.255436 0.0774704 1.4
0.199774 0.0729726 1.4
0.152429 0.0669008 1.4
0.110661 0.0592505 1.4
0.0772534 0.0505523 1.4
0.0506891 0.0420328 1.4
0.0283945 0.0321841 1.4
0.0101449 0.0214486 1.4
-0.00507545 0.00120607 1.4
0.0101889 -0.0170427 1.4
0.029083 -0.0245043 1.4
0.0509394 -0.0307668 1.4
0.077517 -0.0352738 1.4
0.111001 -0.0387162 1.4
0.152704 -0.0414508 1.4
0.199981 -0.0425141 1.4
0.255568 -0.0423362 1.4
0.322237 -0.0406844 1.4
0.4056 -0.0379973 1.4
0.500047 -0.0336215 1.4
0.60002 -0.0276459 1.4
0.700016 -0.0213856 1.4
0.794457 -0.0155495 1.4
0.894484 -0.00822767 1.4
0.961216 -0.00463492 1.4
1 0 1.4
1 0 1.66667
0.961532 0.00987942 1.66667
0.894822 0.0219348 1.66667
0.7947 0.038711 1.66667
0.700271 0.0521391 1.66667
0.600251 0.0641136 1.66667
0.500185 0.0728556 1.66667
0.405677 0.0784517 1.66667
0.322192 0.0797944 1.66667
0.255436 0.0774704 1.66667
0.199774 0.0729726 1.66667
0.152429 0.0669008 1.66667
0.110661 0.0592505 1.66667
0.0772534 0.0505523 1.66667
0.0506891 0.0420328 1.66667
0.0283945 0.0321841 1.66667
0.0101449 0.0214486 1.66667
-0.00507545 0.00120607 1.66667
0.0101889 -0.0170427 1.66667
0.029083 -0.0245043 1.66667
0.0509394 -0.0307668 1.66667
0.077517 -0.0352738 1.66667
0.111001 -0.0387162 1.66667
0.152704 -0.0414508 1.66667
0.199981 -0.0425141 1.66667
0.255568 -0.0423362 1.66667
0.322237 -0.0406844 1.66667
0.4056 -0.0379973 1.66667
0.500047 -0.0336215 1.66667
0.60002 -0.0276459 1.66667
0.700016 -0.0213856 1.66667
0.794457 -0.0155495 1.66667
0.894484 -0.00822767 1.66667
0.961216 -0.00463492 1.66667
1 0 1.66667
1 0 1.86667
0.961532 0.00987942 1.86667
0.894822 0.0219348 1.86667
0.7947 0.038711 1.86667
0.700271 0.0521391 1.86667
0.600251 0.0641136 1.86667
0.500185 0.0728556 1.86667
0.405677 0.0784517 1.86667
0.322192 0.0797944 1.86667
0.255436 0.0774704 1.86667
0.199774 0.0729726 1.86667
0.152429 0.0669008 1.86667
0.110661 0.0592505 1.86667
0.0772534 0.0505523 1.86667
0.0506891 0.0420328 1.86667
0.0283945 0.0321841 1.86667
0.0101449 0.0214486 1.86667
-0.00507545 0.00120607 1.86667
0.0101889 -0.0170427 1.86667
0.029083 -0.0245043 1.86667
0.0509394 -0.0307668 1.86667
0.077517 -0.0352738 1.86667
0.111001 -0.0387162 1.86667
0.152704 -0.0414508 1.86667
0.199981 -0.0425141 1.86667
0.255568 -0.0423362 1.86667
0.322237 -0.0406844 1.86667
0.4056 -0.0379973 1.86667
0.500047 -0.0336215 1.86667
0.60002 -0.0276459 1.86667
0.700016 -0.0213856 1.86667
0.794457 -0.0155495 1.86667
0.894484 -0.00822767 1.86667
0.961216 -0.00463492 1.86667
1 0 1.86667
1 0 2
0.961532 0.00987942 2
0.894822 0.0219348 2
0.7947 0.038711 2
0.700271 0.0521391 2
0.600251 0.0641136 2
0.500185 0.0728556 2
0.405677 0.0784517 2
0.322192 0.0797944 2
0.255436 0.0774704 2
0.199774 0.0729726 2
0.152429 0.0669008 2
0.110661 0.0592505 2
0.0772534 0.0505523 2
0.0506891 0.0420328 2
0.0283945 0.0321841 2
0.0101449 0.0214486 2
-0.00507545 0.00120607 2
0.0101889 -0.0170427 2
0.029083 -0.0245043 2
0.0509394 -0.0307668 2
0.077517 -0.0352738 2
0.111001 -0.0387162 2
0.152704 -0.0414508 2
0.199981 -0.0425141 2
0.255568 -0.0423362 2
0.322237 -0.0406844 2
0.4056 -0.0379973 2
0.500047 -0.0336215 2
0.60002 -0.0276459 2
0.700016 -0.0213856 2
0.794457 -0.0155495 2
0.894484 -0.00822767 2
0.961216 -0.00463492 2
1 0 2