1
3 3 35 11
0.000000000000000
0.000000000000000
0.000000000000000
0.000000000000000
0.058338000000000
0.099728200000000
0.149260000000000
0.198628000000000
0.247855000000000
0.296970000000000
0.337858000000000
0.370577000000000
0.395193000000000
0.419957000000000
0.440753000000000
0.457613000000000
0.470638000000000
0.481894000000000
0.492909000000000
0.502817000000000
0.512545000000000
0.522468000000000
0.533160000000000
0.545685000000000
0.562140000000000
0.582617000000000
0.607153000000000
0.631670000000000
0.664363000000000
0.705245000000000
0.754324000000000
0.803425000000000
0.852543000000000
0.901671000000000
0.942615000000000
1.000000000000000
1.000000000000000
1.000000000000000
1.000000000000000
0.000000000000000
0.000000000000000
0.000000000000000
0.000000000000000
0.200000000000000
0.300000000000000
0.400000000000000
0.500000000000000
0.600000000000000
0.700000000000000
0.800000000000000
1.000000000000000
1.000000000000000
1.000000000000000
1.000000000000000
100.000000000000000 0.000000000000000 0.000000000000000 
96.153199999999998 0.987942000000000 0.000000000000000 
89.482200000000006 2.193480000000000 0.000000000000000 
79.469999999999999 3.871100000000000 0.000000000000000 
70.027100000000004 5.213910000000000 0.000000000000000 
60.025099999999995 6.411360000000001 0.000000000000000 
50.018499999999996 7.285560000000000 0.000000000000000 
40.567700000000002 7.845170000000000 0.000000000000000 
32.219200000000001 7.979440000000000 0.000000000000000 
25.543599999999998 7.747039999999999 0.000000000000000 
19.977399999999999 7.297260000000000 0.000000000000000 
15.242900000000001 6.690080000000000 0.000000000000000 
11.066099999999999 5.925050000000000 0.000000000000000 
7.725340000000000 5.055230000000000 0.000000000000000 
5.068910000000000 4.203280000000000 0.000000000000000 
2.839450000000000 3.218410000000000 0.000000000000000 
1.014490000000000 2.144860000000000 0.000000000000000 
-0.507545000000000 0.120607000000000 0.000000000000000 
1.018890000000000 -1.704270000000000 0.000000000000000 
2.908300000000000 -2.450430000000000 0.000000000000000 
5.093940000000000 -3.076680000000000 0.000000000000000 
7.751700000000000 -3.527380000000000 0.000000000000000 
11.100099999999999 -3.871620000000000 0.000000000000000 
15.270400000000000 -4.145080000000000 0.000000000000000 
19.998100000000001 -4.251410000000000 0.000000000000000 
25.556800000000003 -4.233620000000000 0.000000000000000 
32.223700000000001 -4.068440000000000 0.000000000000000 
40.560000000000002 -3.799730000000000 0.000000000000000 
50.004700000000000 -3.362150000000000 0.000000000000000 
60.002000000000002 -2.764590000000000 0.000000000000000 
70.001599999999996 -2.138560000000000 0.000000000000000 
79.445700000000002 -1.554950000000000 0.000000000000000 
89.448399999999992 -0.822767000000000 0.000000000000000 
96.121600000000001 -0.463492000000000 0.000000000000000 
100.000000000000000 0.000000000000000 0.000000000000000 
100.000000000000000 0.000000000000000 13.333300000000001 
96.153199999999998 0.987942000000000 13.333300000000001 
89.482200000000006 2.193480000000000 13.333300000000001 
79.469999999999999 3.871100000000000 13.333300000000001 
70.027100000000004 5.213910000000000 13.333300000000001 
60.025099999999995 6.411360000000001 13.333300000000001 
50.018499999999996 7.285560000000000 13.333300000000001 
40.567700000000002 7.845170000000000 13.333300000000001 
32.219200000000001 7.979440000000000 13.333300000000001 
25.543599999999998 7.747039999999999 13.333300000000001 
19.977399999999999 7.297260000000000 13.333300000000001 
15.242900000000001 6.690080000000000 13.333300000000001 
11.066099999999999 5.925050000000000 13.333300000000001 
7.725340000000000 5.055230000000000 13.333300000000001 
5.068910000000000 4.203280000000000 13.333300000000001 
2.839450000000000 3.218410000000000 13.333300000000001 
1.014490000000000 2.144860000000000 13.333300000000001 
-0.507545000000000 0.120607000000000 13.333300000000001 
1.018890000000000 -1.704270000000000 13.333300000000001 
2.908300000000000 -2.450430000000000 13.333300000000001 
5.093940000000000 -3.076680000000000 13.333300000000001 
7.751700000000000 -3.527380000000000 13.333300000000001 
11.100099999999999 -3.871620000000000 13.333300000000001 
15.270400000000000 -4.145080000000000 13.333300000000001 
19.998100000000001 -4.251410000000000 13.333300000000001 
25.556800000000003 -4.233620000000000 13.333300000000001 
32.223700000000001 -4.068440000000000 13.333300000000001 
40.560000000000002 -3.799730000000000 13.333300000000001 
50.004700000000000 -3.362150000000000 13.333300000000001 
60.002000000000002 -2.764590000000000 13.333300000000001 
70.001599999999996 -2.138560000000000 13.333300000000001 
79.445700000000002 -1.554950000000000 13.333300000000001 
89.448399999999992 -0.822767000000000 13.333300000000001 
96.121600000000001 -0.463492000000000 13.333300000000001 
100.000000000000000 0.000000000000000 13.333300000000001 
100.000000000000000 0.000000000000000 33.333300000000001 
96.153199999999998 0.987942000000000 33.333300000000001 
89.482200000000006 2.193480000000000 33.333300000000001 
79.469999999999999 3.871100000000000 33.333300000000001 
70.027100000000004 5.213910000000000 33.333300000000001 
60.025099999999995 6.411360000000001 33.333300000000001 
50.018499999999996 7.285560000000000 33.333300000000001 
40.567700000000002 7.845170000000000 33.333300000000001 
32.219200000000001 7.979440000000000 33.333300000000001 
25.543599999999998 7.747039999999999 33.333300000000001 
19.977399999999999 7.297260000000000 33.333300000000001 
15.242900000000001 6.690080000000000 33.333300000000001 
11.066099999999999 5.925050000000000 33.333300000000001 
7.725340000000000 5.055230000000000 33.333300000000001 
5.068910000000000 4.203280000000000 33.333300000000001 
2.839450000000000 3.218410000000000 33.333300000000001 
1.014490000000000 2.144860000000000 33.333300000000001 
-0.507545000000000 0.120607000000000 33.333300000000001 
1.018890000000000 -1.704270000000000 33.333300000000001 
2.908300000000000 -2.450430000000000 33.333300000000001 
5.093940000000000 -3.076680000000000 33.333300000000001 
7.751700000000000 -3.527380000000000 33.333300000000001 
11.100099999999999 -3.871620000000000 33.333300000000001 
15.270400000000000 -4.145080000000000 33.333300000000001 
19.998100000000001 -4.251410000000000 33.333300000000001 
25.556800000000003 -4.233620000000000 33.333300000000001 
32.223700000000001 -4.068440000000000 33.333300000000001 
40.560000000000002 -3.799730000000000 33.333300000000001 
50.004700000000000 -3.362150000000000 33.333300000000001 
60.002000000000002 -2.764590000000000 33.333300000000001 
70.001599999999996 -2.138560000000000 33.333300000000001 
79.445700000000002 -1.554950000000000 33.333300000000001 
89.448399999999992 -0.822767000000000 33.333300000000001 
96.121600000000001 -0.463492000000000 33.333300000000001 
100.000000000000000 0.000000000000000 33.333300000000001 
100.000000000000000 0.000000000000000 60.000000000000000 
96.153199999999998 0.987942000000000 60.000000000000000 
89.482200000000006 2.193480000000000 60.000000000000000 
79.469999999999999 3.871100000000000 60.000000000000000 
70.027100000000004 5.213910000000000 60.000000000000000 
60.025099999999995 6.411360000000001 60.000000000000000 
50.018499999999996 7.285560000000000 60.000000000000000 
40.567700000000002 7.845170000000000 60.000000000000000 
32.219200000000001 7.979440000000000 60.000000000000000 
25.543599999999998 7.747039999999999 60.000000000000000 
19.977399999999999 7.297260000000000 60.000000000000000 
15.242900000000001 6.690080000000000 60.000000000000000 
11.066099999999999 5.925050000000000 60.000000000000000 
7.725340000000000 5.055230000000000 60.000000000000000 
5.068910000000000 4.203280000000000 60.000000000000000 
2.839450000000000 3.218410000000000 60.000000000000000 
1.014490000000000 2.144860000000000 60.000000000000000 
-0.507545000000000 0.120607000000000 60.000000000000000 
1.018890000000000 -1.704270000000000 60.000000000000000 
2.908300000000000 -2.450430000000000 60.000000000000000 
5.093940000000000 -3.076680000000000 60.000000000000000 
7.751700000000000 -3.527380000000000 60.000000000000000 
11.100099999999999 -3.871620000000000 60.000000000000000 
15.270400000000000 -4.145080000000000 60.000000000000000 
19.998100000000001 -4.251410000000000 60.000000000000000 
25.556800000000003 -4.233620000000000 60.000000000000000 
32.223700000000001 -4.068440000000000 60.000000000000000 
40.560000000000002 -3.799730000000000 60.000000000000000 
50.004700000000000 -3.362150000000000 60.000000000000000 
60.002000000000002 -2.764590000000000 60.000000000000000 
70.001599999999996 -2.138560000000000 60.000000000000000 
79.445700000000002 -1.554950000000000 60.000000000000000 
89.448399999999992 -0.822767000000000 60.000000000000000 
96.121600000000001 -0.463492000000000 60.000000000000000 
100.000000000000000 0.000000000000000 60.000000000000000 
100.000000000000000 0.000000000000000 80.000000000000000 
96.153199999999998 0.987942000000000 80.000000000000000 
89.482200000000006 2.193480000000000 80.000000000000000 
79.469999999999999 3.871100000000000 80.000000000000000 
70.027100000000004 5.213910000000000 80.000000000000000 
60.025099999999995 6.411360000000001 80.000000000000000 
50.018499999999996 7.285560000000000 80.000000000000000 
40.567700000000002 7.845170000000000 80.000000000000000 
32.219200000000001 7.979440000000000 80.000000000000000 
25.543599999999998 7.747039999999999 80.000000000000000 
19.977399999999999 7.297260000000000 80.000000000000000 
15.242900000000001 6.690080000000000 80.000000000000000 
11.066099999999999 5.925050000000000 80.000000000000000 
7.725340000000000 5.055230000000000 80.000000000000000 
5.068910000000000 4.203280000000000 80.000000000000000 
2.839450000000000 3.218410000000000 80.000000000000000 
1.014490000000000 2.144860000000000 80.000000000000000 
-0.507545000000000 0.120607000000000 80.000000000000000 
1.018890000000000 -1.704270000000000 80.000000000000000 
2.908300000000000 -2.450430000000000 80.000000000000000 
5.093940000000000 -3.076680000000000 80.000000000000000 
7.751700000000000 -3.527380000000000 80.000000000000000 
11.100099999999999 -3.871620000000000 80.000000000000000 
15.270400000000000 -4.145080000000000 80.000000000000000 
19.998100000000001 -4.251410000000000 80.000000000000000 
25.556800000000003 -4.233620000000000 80.000000000000000 
32.223700000000001 -4.068440000000000 80.000000000000000 
40.560000000000002 -3.799730000000000 80.000000000000000 
50.004700000000000 -3.362150000000000 80.000000000000000 
60.002000000000002 -2.764590000000000 80.000000000000000 
70.001599999999996 -2.138560000000000 80.000000000000000 
79.445700000000002 -1.554950000000000 80.000000000000000 
89.448399999999992 -0.822767000000000 80.000000000000000 
96.121600000000001 -0.463492000000000 80.000000000000000 
100.000000000000000 0.000000000000000 80.000000000000000 
100.000000000000000 0.000000000000000 100.000000000000000 
96.153199999999998 0.987942000000000 100.000000000000000 
89.482200000000006 2.193480000000000 100.000000000000000 
79.469999999999999 3.871100000000000 100.000000000000000 
70.027100000000004 5.213910000000000 100.000000000000000 
60.025099999999995 6.411360000000001 100.000000000000000 
50.018499999999996 7.285560000000000 100.000000000000000 
40.567700000000002 7.845170000000000 100.000000000000000 
32.219200000000001 7.979440000000000 100.000000000000000 
25.543599999999998 7.747039999999999 100.000000000000000 
19.977399999999999 7.297260000000000 100.000000000000000 
15.242900000000001 6.690080000000000 100.000000000000000 
11.066099999999999 5.925050000000000 100.000000000000000 
7.725340000000000 5.055230000000000 100.000000000000000 
5.068910000000000 4.203280000000000 100.000000000000000 
2.839450000000000 3.218410000000000 100.000000000000000 
1.014490000000000 2.144860000000000 100.000000000000000 
-0.507545000000000 0.120607000000000 100.000000000000000 
1.018890000000000 -1.704270000000000 100.000000000000000 
2.908300000000000 -2.450430000000000 100.000000000000000 
5.093940000000000 -3.076680000000000 100.000000000000000 
7.751700000000000 -3.527380000000000 100.000000000000000 
11.100099999999999 -3.871620000000000 100.000000000000000 
15.270400000000000 -4.145080000000000 100.000000000000000 
19.998100000000001 -4.251410000000000 100.000000000000000 
25.556800000000003 -4.233620000000000 100.000000000000000 
32.223700000000001 -4.068440000000000 100.000000000000000 
40.560000000000002 -3.799730000000000 100.000000000000000 
50.004700000000000 -3.362150000000000 100.000000000000000 
60.002000000000002 -2.764590000000000 100.000000000000000 
70.001599999999996 -2.138560000000000 100.000000000000000 
79.445700000000002 -1.554950000000000 100.000000000000000 
89.448399999999992 -0.822767000000000 100.000000000000000 
96.121600000000001 -0.463492000000000 100.000000000000000 
100.000000000000000 0.000000000000000 100.000000000000000 
100.000000000000000 0.000000000000000 120.000000000000000 
96.153199999999998 0.987942000000000 120.000000000000000 
89.482200000000006 2.193480000000000 120.000000000000000 
79.469999999999999 3.871100000000000 120.000000000000000 
70.027100000000004 5.213910000000000 120.000000000000000 
60.025099999999995 6.411360000000001 120.000000000000000 
50.018499999999996 7.285560000000000 120.000000000000000 
40.567700000000002 7.845170000000000 120.000000000000000 
32.219200000000001 7.979440000000000 120.000000000000000 
25.543599999999998 7.747039999999999 120.000000000000000 
19.977399999999999 7.297260000000000 120.000000000000000 
15.242900000000001 6.690080000000000 120.000000000000000 
11.066099999999999 5.925050000000000 120.000000000000000 
7.725340000000000 5.055230000000000 120.000000000000000 
5.068910000000000 4.203280000000000 120.000000000000000 
2.839450000000000 3.218410000000000 120.000000000000000 
1.014490000000000 2.144860000000000 120.000000000000000 
-0.507545000000000 0.120607000000000 120.000000000000000 
1.018890000000000 -1.704270000000000 120.000000000000000 
2.908300000000000 -2.450430000000000 120.000000000000000 
5.093940000000000 -3.076680000000000 120.000000000000000 
7.751700000000000 -3.527380000000000 120.000000000000000 
11.100099999999999 -3.871620000000000 120.000000000000000 
15.270400000000000 -4.145080000000000 120.000000000000000 
19.998100000000001 -4.251410000000000 120.000000000000000 
25.556800000000003 -4.233620000000000 120.000000000000000 
32.223700000000001 -4.068440000000000 120.000000000000000 
40.560000000000002 -3.799730000000000 120.000000000000000 
50.004700000000000 -3.362150000000000 120.000000000000000 
60.002000000000002 -2.764590000000000 120.000000000000000 
70.001599999999996 -2.138560000000000 120.000000000000000 
79.445700000000002 -1.554950000000000 120.000000000000000 
89.448399999999992 -0.822767000000000 120.000000000000000 
96.121600000000001 -0.463492000000000 120.000000000000000 
100.000000000000000 0.000000000000000 120.000000000000000 
100.000000000000000 0.000000000000000 140.000000000000000 
96.153199999999998 0.987942000000000 140.000000000000000 
89.482200000000006 2.193480000000000 140.000000000000000 
79.469999999999999 3.871100000000000 140.000000000000000 
70.027100000000004 5.213910000000000 140.000000000000000 
60.025099999999995 6.411360000000001 140.000000000000000 
50.018499999999996 7.285560000000000 140.000000000000000 
40.567700000000002 7.845170000000000 140.000000000000000 
32.219200000000001 7.979440000000000 140.000000000000000 
25.543599999999998 7.747039999999999 140.000000000000000 
19.977399999999999 7.297260000000000 140.000000000000000 
15.242900000000001 6.690080000000000 140.000000000000000 
11.066099999999999 5.925050000000000 140.000000000000000 
7.725340000000000 5.055230000000000 140.000000000000000 
5.068910000000000 4.203280000000000 140.000000000000000 
2.839450000000000 3.218410000000000 140.000000000000000 
1.014490000000000 2.144860000000000 140.000000000000000 
-0.507545000000000 0.120607000000000 140.000000000000000 
1.018890000000000 -1.704270000000000 140.000000000000000 
2.908300000000000 -2.450430000000000 140.000000000000000 
5.093940000000000 -3.076680000000000 140.000000000000000 
7.751700000000000 -3.527380000000000 140.000000000000000 
11.100099999999999 -3.871620000000000 140.000000000000000 
15.270400000000000 -4.145080000000000 140.000000000000000 
19.998100000000001 -4.251410000000000 140.000000000000000 
25.556800000000003 -4.233620000000000 140.000000000000000 
32.223700000000001 -4.068440000000000 140.000000000000000 
40.560000000000002 -3.799730000000000 140.000000000000000 
50.004700000000000 -3.362150000000000 140.000000000000000 
60.002000000000002 -2.764590000000000 140.000000000000000 
70.001599999999996 -2.138560000000000 140.000000000000000 
79.445700000000002 -1.554950000000000 140.000000000000000 
89.448399999999992 -0.822767000000000 140.000000000000000 
96.121600000000001 -0.463492000000000 140.000000000000000 
100.000000000000000 0.000000000000000 140.000000000000000 
100.000000000000000 0.000000000000000 166.667000000000002 
96.153199999999998 0.987942000000000 166.667000000000002 
89.482200000000006 2.193480000000000 166.667000000000002 
79.469999999999999 3.871100000000000 166.667000000000002 
70.027100000000004 5.213910000000000 166.667000000000002 
60.025099999999995 6.411360000000001 166.667000000000002 
50.018499999999996 7.285560000000000 166.667000000000002 
40.567700000000002 7.845170000000000 166.667000000000002 
32.219200000000001 7.979440000000000 166.667000000000002 
25.543599999999998 7.747039999999999 166.667000000000002 
19.977399999999999 7.297260000000000 166.667000000000002 
15.242900000000001 6.690080000000000 166.667000000000002 
11.066099999999999 5.925050000000000 166.667000000000002 
7.725340000000000 5.055230000000000 166.667000000000002 
5.068910000000000 4.203280000000000 166.667000000000002 
2.839450000000000 3.218410000000000 166.667000000000002 
1.014490000000000 2.144860000000000 166.667000000000002 
-0.507545000000000 0.120607000000000 166.667000000000002 
1.018890000000000 -1.704270000000000 166.667000000000002 
2.908300000000000 -2.450430000000000 166.667000000000002 
5.093940000000000 -3.076680000000000 166.667000000000002 
7.751700000000000 -3.527380000000000 166.667000000000002 
11.100099999999999 -3.871620000000000 166.667000000000002 
15.270400000000000 -4.145080000000000 166.667000000000002 
19.998100000000001 -4.251410000000000 166.667000000000002 
25.556800000000003 -4.233620000000000 166.667000000000002 
32.223700000000001 -4.068440000000000 166.667000000000002 
40.560000000000002 -3.799730000000000 166.667000000000002 
50.004700000000000 -3.362150000000000 166.667000000000002 
60.002000000000002 -2.764590000000000 166.667000000000002 
70.001599999999996 -2.138560000000000 166.667000000000002 
79.445700000000002 -1.554950000000000 166.667000000000002 
89.448399999999992 -0.822767000000000 166.667000000000002 
96.121600000000001 -0.463492000000000 166.667000000000002 
100.000000000000000 0.000000000000000 166.667000000000002 
100.000000000000000 0.000000000000000 186.667000000000002 
96.153199999999998 0.987942000000000 186.667000000000002 
89.482200000000006 2.193480000000000 186.667000000000002 
79.469999999999999 3.871100000000000 186.667000000000002 
70.027100000000004 5.213910000000000 186.667000000000002 
60.025099999999995 6.411360000000001 186.667000000000002 
50.018499999999996 7.285560000000000 186.667000000000002 
40.567700000000002 7.845170000000000 186.667000000000002 
32.219200000000001 7.979440000000000 186.667000000000002 
25.543599999999998 7.747039999999999 186.667000000000002 
19.977399999999999 7.297260000000000 186.667000000000002 
15.242900000000001 6.690080000000000 186.667000000000002 
11.066099999999999 5.925050000000000 186.667000000000002 
7.725340000000000 5.055230000000000 186.667000000000002 
5.068910000000000 4.203280000000000 186.667000000000002 
2.839450000000000 3.218410000000000 186.667000000000002 
1.014490000000000 2.144860000000000 186.667000000000002 
-0.507545000000000 0.120607000000000 186.667000000000002 
1.018890000000000 -1.704270000000000 186.667000000000002 
2.908300000000000 -2.450430000000000 186.667000000000002 
5.093940000000000 -3.076680000000000 186.667000000000002 
7.751700000000000 -3.527380000000000 186.667000000000002 
11.100099999999999 -3.871620000000000 186.667000000000002 
15.270400000000000 -4.145080000000000 186.667000000000002 
19.998100000000001 -4.251410000000000 186.667000000000002 
25.556800000000003 -4.233620000000000 186.667000000000002 
32.223700000000001 -4.068440000000000 186.667000000000002 
40.560000000000002 -3.799730000000000 186.667000000000002 
50.004700000000000 -3.362150000000000 186.667000000000002 
60.002000000000002 -2.764590000000000 186.667000000000002 
70.001599999999996 -2.138560000000000 186.667000000000002 
79.445700000000002 -1.554950000000000 186.667000000000002 
89.448399999999992 -0.822767000000000 186.667000000000002 
96.121600000000001 -0.463492000000000 186.667000000000002 
100.000000000000000 0.000000000000000 186.667000000000002 
100.000000000000000 0.000000000000000 200.000000000000000 
96.153199999999998 0.987942000000000 200.000000000000000 
89.482200000000006 2.193480000000000 200.000000000000000 
79.469999999999999 3.871100000000000 200.000000000000000 
70.027100000000004 5.213910000000000 200.000000000000000 
60.025099999999995 6.411360000000001 200.000000000000000 
50.018499999999996 7.285560000000000 200.000000000000000 
40.567700000000002 7.845170000000000 200.000000000000000 
32.219200000000001 7.979440000000000 200.000000000000000 
25.543599999999998 7.747039999999999 200.000000000000000 
19.977399999999999 7.297260000000000 200.000000000000000 
15.242900000000001 6.690080000000000 200.000000000000000 
11.066099999999999 5.925050000000000 200.000000000000000 
7.725340000000000 5.055230000000000 200.000000000000000 
5.068910000000000 4.203280000000000 200.000000000000000 
2.839450000000000 3.218410000000000 200.000000000000000 
1.014490000000000 2.144860000000000 200.000000000000000 
-0.507545000000000 0.120607000000000 200.000000000000000 
1.018890000000000 -1.704270000000000 200.000000000000000 
2.908300000000000 -2.450430000000000 200.000000000000000 
5.093940000000000 -3.076680000000000 200.000000000000000 
7.751700000000000 -3.527380000000000 200.000000000000000 
11.100099999999999 -3.871620000000000 200.000000000000000 
15.270400000000000 -4.145080000000000 200.000000000000000 
19.998100000000001 -4.251410000000000 200.000000000000000 
25.556800000000003 -4.233620000000000 200.000000000000000 
32.223700000000001 -4.068440000000000 200.000000000000000 
40.560000000000002 -3.799730000000000 200.000000000000000 
50.004700000000000 -3.362150000000000 200.000000000000000 
60.002000000000002 -2.764590000000000 200.000000000000000 
70.001599999999996 -2.138560000000000 200.000000000000000 
79.445700000000002 -1.554950000000000 200.000000000000000 
89.448399999999992 -0.822767000000000 200.000000000000000 
96.121600000000001 -0.463492000000000 200.000000000000000 
100.000000000000000 0.000000000000000 200.000000000000000 
