2
3 3 19 11
0.000000000000000
0.000000000000000
0.000000000000000
0.000000000000000
0.116676000000000
0.199456400000000
0.298520000000000
0.397256000000000
0.495710000000000
0.593940000000000
0.675716000000000
0.741154000000000
0.790386000000000
0.839914000000000
0.881506000000000
0.915226000000000
0.941276000000000
0.963788000000000
0.985818000000000
1.000000000000000
1.000000000000000
1.000000000000000
1.000000000000000
0.000000000000000
0.000000000000000
0.000000000000000
0.000000000000000
0.200000000000000
0.300000000000000
0.400000000000000
0.500000000000000
0.600000000000000
0.700000000000000
0.800000000000000
1.000000000000000
1.000000000000000
1.000000000000000
1.000000000000000
100.000000000000000 0.000000000000000 0.000000000000000
100.000000000000000 0.000000000000000 13.333299999999999
100.000000000000000 0.000000000000000 33.333300000000001
100.000000000000000 0.000000000000000 60.000000000000000
100.000000000000000 0.000000000000000 80.000000000000000
100.000000000000000 0.000000000000000 100.000000000000000
100.000000000000000 0.000000000000000 120.000000000000000
100.000000000000000 0.000000000000000 140.000000000000000
100.000000000000000 0.000000000000000 166.667000000000002
100.000000000000000 0.000000000000000 186.667000000000002
100.000000000000000 0.000000000000000 200.000000000000000
96.153199999999998 0.987942000000000 0.000000000000000
96.153199999999998 0.987942000000000 13.333299999999999
96.153199999999998 0.987942000000000 33.333300000000001
96.153199999999998 0.987942000000000 60.000000000000000
96.153199999999998 0.987942000000000 80.000000000000000
96.153199999999998 0.987942000000000 100.000000000000000
96.153199999999998 0.987942000000000 120.000000000000000
96.153199999999998 0.987942000000000 140.000000000000000
96.153199999999998 0.987942000000000 166.667000000000002
96.153199999999998 0.987942000000000 186.667000000000002
96.153199999999998 0.987942000000000 200.000000000000000
89.482200000000006 2.193480000000000 0.000000000000000
89.482200000000006 2.193480000000000 13.333299999999999
89.482200000000006 2.193480000000000 33.333300000000001
89.482200000000006 2.193480000000000 60.000000000000000
89.482200000000006 2.193480000000000 80.000000000000000
89.482200000000006 2.193480000000000 100.000000000000000
89.482200000000006 2.193480000000000 120.000000000000000
89.482200000000006 2.193480000000000 140.000000000000000
89.482200000000006 2.193480000000000 166.667000000000002
89.482200000000006 2.193480000000000 186.667000000000002
89.482200000000006 2.193480000000000 200.000000000000000
79.469999999999999 3.871100000000000 0.000000000000000
79.469999999999999 3.871100000000000 13.333299999999999
79.469999999999999 3.871100000000000 33.333300000000001
79.469999999999999 3.871100000000000 60.000000000000000
79.469999999999999 3.871100000000000 80.000000000000000
79.469999999999999 3.871100000000000 100.000000000000000
79.469999999999999 3.871100000000000 120.000000000000000
79.469999999999999 3.871100000000000 140.000000000000000
79.469999999999999 3.871100000000000 166.667000000000002
79.469999999999999 3.871100000000000 186.667000000000002
79.469999999999999 3.871100000000000 200.000000000000000
70.027100000000004 5.213910000000000 0.000000000000000
70.027100000000004 5.213910000000000 13.333299999999999
70.027100000000004 5.213910000000000 33.333300000000001
70.027100000000004 5.213910000000000 60.000000000000000
70.027100000000004 5.213910000000000 80.000000000000000
70.027100000000004 5.213910000000000 100.000000000000000
70.027100000000004 5.213910000000000 120.000000000000000
70.027100000000004 5.213910000000000 140.000000000000000
70.027100000000004 5.213910000000000 166.667000000000002
70.027100000000004 5.213910000000000 186.667000000000002
70.027100000000004 5.213910000000000 200.000000000000000
60.025100000000002 6.411360000000000 0.000000000000000
60.025100000000002 6.411360000000000 13.333299999999999
60.025100000000002 6.411360000000000 33.333300000000001
60.025100000000002 6.411360000000000 60.000000000000000
60.025100000000002 6.411360000000000 80.000000000000000
60.025100000000002 6.411360000000000 100.000000000000000
60.025100000000002 6.411360000000000 120.000000000000000
60.025100000000002 6.411360000000000 140.000000000000000
60.025100000000002 6.411360000000000 166.667000000000002
60.025100000000002 6.411360000000000 186.667000000000002
60.025100000000002 6.411360000000000 200.000000000000000
50.018500000000003 7.285560000000000 0.000000000000000
50.018500000000003 7.285560000000000 13.333299999999999
50.018500000000003 7.285560000000000 33.333300000000001
50.018500000000003 7.285560000000000 60.000000000000000
50.018500000000003 7.285560000000000 80.000000000000000
50.018500000000003 7.285560000000000 100.000000000000000
50.018500000000003 7.285560000000000 120.000000000000000
50.018500000000003 7.285560000000000 140.000000000000000
50.018500000000003 7.285560000000000 166.667000000000002
50.018500000000003 7.285560000000000 186.667000000000002
50.018500000000003 7.285560000000000 200.000000000000000
40.567700000000002 7.845170000000000 0.000000000000000
40.567700000000002 7.845170000000000 13.333299999999999
40.567700000000002 7.845170000000000 33.333300000000001
40.567700000000002 7.845170000000000 60.000000000000000
40.567700000000002 7.845170000000000 80.000000000000000
40.567700000000002 7.845170000000000 100.000000000000000
40.567700000000002 7.845170000000000 120.000000000000000
40.567700000000002 7.845170000000000 140.000000000000000
40.567700000000002 7.845170000000000 166.667000000000002
40.567700000000002 7.845170000000000 186.667000000000002
40.567700000000002 7.845170000000000 200.000000000000000
32.219200000000001 7.979440000000000 0.000000000000000
32.219200000000001 7.979440000000000 13.333299999999999
32.219200000000001 7.979440000000000 33.333300000000001
32.219200000000001 7.979440000000000 60.000000000000000
32.219200000000001 7.979440000000000 80.000000000000000
32.219200000000001 7.979440000000000 100.000000000000000
32.219200000000001 7.979440000000000 120.000000000000000
32.219200000000001 7.979440000000000 140.000000000000000
32.219200000000001 7.979440000000000 166.667000000000002
32.219200000000001 7.979440000000000 186.667000000000002
32.219200000000001 7.979440000000000 200.000000000000000
25.543600000000001 7.747040000000000 0.000000000000000
25.543600000000001 7.747040000000000 13.333299999999999
25.543600000000001 7.747040000000000 33.333300000000001
25.543600000000001 7.747040000000000 60.000000000000000
25.543600000000001 7.747040000000000 80.000000000000000
25.543600000000001 7.747040000000000 100.000000000000000
25.543600000000001 7.747040000000000 120.000000000000000
25.543600000000001 7.747040000000000 140.000000000000000
25.543600000000001 7.747040000000000 166.667000000000002
25.543600000000001 7.747040000000000 186.667000000000002
25.543600000000001 7.747040000000000 200.000000000000000
19.977399999999999 7.297260000000000 0.000000000000000
19.977399999999999 7.297260000000000 13.333299999999999
19.977399999999999 7.297260000000000 33.333300000000001
19.977399999999999 7.297260000000000 60.000000000000000
19.977399999999999 7.297260000000000 80.000000000000000
19.977399999999999 7.297260000000000 100.000000000000000
19.977399999999999 7.297260000000000 120.000000000000000
19.977399999999999 7.297260000000000 140.000000000000000
19.977399999999999 7.297260000000000 166.667000000000002
19.977399999999999 7.297260000000000 186.667000000000002
19.977399999999999 7.297260000000000 200.000000000000000
15.242900000000001 6.690080000000000 0.000000000000000
15.242900000000001 6.690080000000000 13.333299999999999
15.242900000000001 6.690080000000000 33.333300000000001
15.242900000000001 6.690080000000000 60.000000000000000
15.242900000000001 6.690080000000000 80.000000000000000
15.242900000000001 6.690080000000000 100.000000000000000
15.242900000000001 6.690080000000000 120.000000000000000
15.242900000000001 6.690080000000000 140.000000000000000
15.242900000000001 6.690080000000000 166.667000000000002
15.242900000000001 6.690080000000000 186.667000000000002
15.242900000000001 6.690080000000000 200.000000000000000
11.066100000000000 5.925050000000000 0.000000000000000
11.066100000000000 5.925050000000000 13.333299999999999
11.066100000000000 5.925050000000000 33.333300000000001
11.066100000000000 5.925050000000000 60.000000000000000
11.066100000000000 5.925050000000000 80.000000000000000
11.066100000000000 5.925050000000000 100.000000000000000
11.066100000000000 5.925050000000000 120.000000000000000
11.066100000000000 5.925050000000000 140.000000000000000
11.066100000000000 5.925050000000000 166.667000000000002
11.066100000000000 5.925050000000000 186.667000000000002
11.066100000000000 5.925050000000000 200.000000000000000
7.725340000000000 5.055230000000000 0.000000000000000
7.725340000000000 5.055230000000000 13.333299999999999
7.725340000000000 5.055230000000000 33.333300000000001
7.725340000000000 5.055230000000000 60.000000000000000
7.725340000000000 5.055230000000000 80.000000000000000
7.725340000000000 5.055230000000000 100.000000000000000
7.725340000000000 5.055230000000000 120.000000000000000
7.725340000000000 5.055230000000000 140.000000000000000
7.725340000000000 5.055230000000000 166.667000000000002
7.725340000000000 5.055230000000000 186.667000000000002
7.725340000000000 5.055230000000000 200.000000000000000
5.068910000000000 4.203280000000000 0.000000000000000
5.068910000000000 4.203280000000000 13.333299999999999
5.068910000000000 4.203280000000000 33.333300000000001
5.068910000000000 4.203280000000000 60.000000000000000
5.068910000000000 4.203280000000000 80.000000000000000
5.068910000000000 4.203280000000000 100.000000000000000
5.068910000000000 4.203280000000000 120.000000000000000
5.068910000000000 4.203280000000000 140.000000000000000
5.068910000000000 4.203280000000000 166.667000000000002
5.068910000000000 4.203280000000000 186.667000000000002
5.068910000000000 4.203280000000000 200.000000000000000
2.839450000000000 3.218410000000000 0.000000000000000
2.839450000000000 3.218410000000000 13.333299999999999
2.839450000000000 3.218410000000000 33.333300000000001
2.839450000000000 3.218410000000000 60.000000000000000
2.839450000000000 3.218410000000000 80.000000000000000
2.839450000000000 3.218410000000000 100.000000000000000
2.839450000000000 3.218410000000000 120.000000000000000
2.839450000000000 3.218410000000000 140.000000000000000
2.839450000000000 3.218410000000000 166.667000000000002
2.839450000000000 3.218410000000000 186.667000000000002
2.839450000000000 3.218410000000000 200.000000000000000
1.174249853320000 2.238840246434000 0.000000000000000
1.174249853320000 2.238840246434000 13.333299999999999
1.174249853320000 2.238840246434000 33.333300000000001
1.174249853320000 2.238840246434000 60.000000000000000
1.174249853320000 2.238840246434000 80.000000000000000
1.174249853320000 2.238840246434000 100.000000000000000
1.174249853320000 2.238840246434000 120.000000000000000
1.174249853320000 2.238840246434000 140.000000000000000
1.174249853320000 2.238840246434000 166.667000000000002
1.174249853320000 2.238840246434000 186.667000000000002
1.174249853320000 2.238840246434000 200.000000000000000
0.257961046501000 1.122749389292000 0.000000000000000
0.257961046501000 1.122749389292000 13.333299999999999
0.257961046501000 1.122749389292000 33.333300000000001
0.257961046501000 1.122749389292000 60.000000000000000
0.257961046501000 1.122749389292000 80.000000000000000
0.257961046501000 1.122749389292000 100.000000000000000
0.257961046501000 1.122749389292000 120.000000000000000
0.257961046501000 1.122749389292000 140.000000000000000
0.257961046501000 1.122749389292000 166.667000000000002
0.257961046501000 1.122749389292000 186.667000000000002
0.257961046501000 1.122749389292000 200.000000000000000
0.089572459030000 0.671206339635000 0.000000000000000
0.089572459030000 0.671206339635000 13.333299999999999
0.089572459030000 0.671206339635000 33.333300000000001
0.089572459030000 0.671206339635000 60.000000000000000
0.089572459030000 0.671206339635000 80.000000000000000
0.089572459030000 0.671206339635000 100.000000000000000
0.089572459030000 0.671206339635000 120.000000000000000
0.089572459030000 0.671206339635000 140.000000000000000
0.089572459030000 0.671206339635000 166.667000000000002
0.089572459030000 0.671206339635000 186.667000000000002
0.089572459030000 0.671206339635000 200.000000000000000
3 3 20 11
0.000000000000000
0.000000000000000
0.000000000000000
0.000000000000000
0.005634000000000
0.025090000000000
0.044936000000000
0.066320000000000
0.091370000000000
0.124280000000000
0.165234000000000
0.214306000000000
0.263340000000000
0.328726000000000
0.410490000000000
0.508648000000000
0.606850000000000
0.705086000000000
0.803342000000000
0.885230000000000
1.000000000000000
1.000000000000000
1.000000000000000
1.000000000000000
0.000000000000000
0.000000000000000
0.000000000000000
0.000000000000000
0.200000000000000
0.300000000000000
0.400000000000000
0.500000000000000
0.600000000000000
0.700000000000000
0.800000000000000
1.000000000000000
1.000000000000000
1.000000000000000
1.000000000000000
0.089572459030000 0.671206339635000 0.000000000000000
0.089572459030000 0.671206339635000 13.333299999999999
0.089572459030000 0.671206339635000 33.333300000000001
0.089572459030000 0.671206339635000 60.000000000000000
0.089572459030000 0.671206339635000 80.000000000000000
0.089572459030000 0.671206339635000 100.000000000000000
0.089572459030000 0.671206339635000 120.000000000000000
0.089572459030000 0.671206339635000 140.000000000000000
0.089572459030000 0.671206339635000 166.667000000000002
0.089572459030000 0.671206339635000 186.667000000000002
0.089572459030000 0.671206339635000 200.000000000000000
0.022677712040000 0.491824479406000 0.000000000000000
0.022677712040000 0.491824479406000 13.333299999999999
0.022677712040000 0.491824479406000 33.333300000000001
0.022677712040000 0.491824479406000 60.000000000000000
0.022677712040000 0.491824479406000 80.000000000000000
0.022677712040000 0.491824479406000 100.000000000000000
0.022677712040000 0.491824479406000 120.000000000000000
0.022677712040000 0.491824479406000 140.000000000000000
0.022677712040000 0.491824479406000 166.667000000000002
0.022677712040000 0.491824479406000 186.667000000000002
0.022677712040000 0.491824479406000 200.000000000000000
-0.141363783281000 -0.317168391827000 0.000000000000000
-0.141363783281000 -0.317168391827000 13.333299999999999
-0.141363783281000 -0.317168391827000 33.333300000000001
-0.141363783281000 -0.317168391827000 60.000000000000000
-0.141363783281000 -0.317168391827000 80.000000000000000
-0.141363783281000 -0.317168391827000 100.000000000000000
-0.141363783281000 -0.317168391827000 120.000000000000000
-0.141363783281000 -0.317168391827000 140.000000000000000
-0.141363783281000 -0.317168391827000 166.667000000000002
-0.141363783281000 -0.317168391827000 186.667000000000002
-0.141363783281000 -0.317168391827000 200.000000000000000
1.018890000000000 -1.704270000000000 0.000000000000000
1.018890000000000 -1.704270000000000 13.333299999999999
1.018890000000000 -1.704270000000000 33.333300000000001
1.018890000000000 -1.704270000000000 60.000000000000000
1.018890000000000 -1.704270000000000 80.000000000000000
1.018890000000000 -1.704270000000000 100.000000000000000
1.018890000000000 -1.704270000000000 120.000000000000000
1.018890000000000 -1.704270000000000 140.000000000000000
1.018890000000000 -1.704270000000000 166.667000000000002
1.018890000000000 -1.704270000000000 186.667000000000002
1.018890000000000 -1.704270000000000 200.000000000000000
2.908300000000000 -2.450430000000000 0.000000000000000
2.908300000000000 -2.450430000000000 13.333299999999999
2.908300000000000 -2.450430000000000 33.333300000000001
2.908300000000000 -2.450430000000000 60.000000000000000
2.908300000000000 -2.450430000000000 80.000000000000000
2.908300000000000 -2.450430000000000 100.000000000000000
2.908300000000000 -2.450430000000000 120.000000000000000
2.908300000000000 -2.450430000000000 140.000000000000000
2.908300000000000 -2.450430000000000 166.667000000000002
2.908300000000000 -2.450430000000000 186.667000000000002
2.908300000000000 -2.450430000000000 200.000000000000000
5.093940000000000 -3.076680000000000 0.000000000000000
5.093940000000000 -3.076680000000000 13.333299999999999
5.093940000000000 -3.076680000000000 33.333300000000001
5.093940000000000 -3.076680000000000 60.000000000000000
5.093940000000000 -3.076680000000000 80.000000000000000
5.093940000000000 -3.076680000000000 100.000000000000000
5.093940000000000 -3.076680000000000 120.000000000000000
5.093940000000000 -3.076680000000000 140.000000000000000
5.093940000000000 -3.076680000000000 166.667000000000002
5.093940000000000 -3.076680000000000 186.667000000000002
5.093940000000000 -3.076680000000000 200.000000000000000
7.751700000000000 -3.527380000000000 0.000000000000000
7.751700000000000 -3.527380000000000 13.333299999999999
7.751700000000000 -3.527380000000000 33.333300000000001
7.751700000000000 -3.527380000000000 60.000000000000000
7.751700000000000 -3.527380000000000 80.000000000000000
7.751700000000000 -3.527380000000000 100.000000000000000
7.751700000000000 -3.527380000000000 120.000000000000000
7.751700000000000 -3.527380000000000 140.000000000000000
7.751700000000000 -3.527380000000000 166.667000000000002
7.751700000000000 -3.527380000000000 186.667000000000002
7.751700000000000 -3.527380000000000 200.000000000000000
11.100099999999999 -3.871620000000000 0.000000000000000
11.100099999999999 -3.871620000000000 13.333299999999999
11.100099999999999 -3.871620000000000 33.333300000000001
11.100099999999999 -3.871620000000000 60.000000000000000
11.100099999999999 -3.871620000000000 80.000000000000000
11.100099999999999 -3.871620000000000 100.000000000000000
11.100099999999999 -3.871620000000000 120.000000000000000
11.100099999999999 -3.871620000000000 140.000000000000000
11.100099999999999 -3.871620000000000 166.667000000000002
11.100099999999999 -3.871620000000000 186.667000000000002
11.100099999999999 -3.871620000000000 200.000000000000000
15.270400000000000 -4.145080000000000 0.000000000000000
15.270400000000000 -4.145080000000000 13.333299999999999
15.270400000000000 -4.145080000000000 33.333300000000001
15.270400000000000 -4.145080000000000 60.000000000000000
15.270400000000000 -4.145080000000000 80.000000000000000
15.270400000000000 -4.145080000000000 100.000000000000000
15.270400000000000 -4.145080000000000 120.000000000000000
15.270400000000000 -4.145080000000000 140.000000000000000
15.270400000000000 -4.145080000000000 166.667000000000002
15.270400000000000 -4.145080000000000 186.667000000000002
15.270400000000000 -4.145080000000000 200.000000000000000
19.998100000000001 -4.251410000000000 0.000000000000000
19.998100000000001 -4.251410000000000 13.333299999999999
19.998100000000001 -4.251410000000000 33.333300000000001
19.998100000000001 -4.251410000000000 60.000000000000000
19.998100000000001 -4.251410000000000 80.000000000000000
19.998100000000001 -4.251410000000000 100.000000000000000
19.998100000000001 -4.251410000000000 120.000000000000000
19.998100000000001 -4.251410000000000 140.000000000000000
19.998100000000001 -4.251410000000000 166.667000000000002
19.998100000000001 -4.251410000000000 186.667000000000002
19.998100000000001 -4.251410000000000 200.000000000000000
25.556799999999999 -4.233620000000000 0.000000000000000
25.556799999999999 -4.233620000000000 13.333299999999999
25.556799999999999 -4.233620000000000 33.333300000000001
25.556799999999999 -4.233620000000000 60.000000000000000
25.556799999999999 -4.233620000000000 80.000000000000000
25.556799999999999 -4.233620000000000 100.000000000000000
25.556799999999999 -4.233620000000000 120.000000000000000
25.556799999999999 -4.233620000000000 140.000000000000000
25.556799999999999 -4.233620000000000 166.667000000000002
25.556799999999999 -4.233620000000000 186.667000000000002
25.556799999999999 -4.233620000000000 200.000000000000000
32.223700000000001 -4.068440000000000 0.000000000000000
32.223700000000001 -4.068440000000000 13.333299999999999
32.223700000000001 -4.068440000000000 33.333300000000001
32.223700000000001 -4.068440000000000 60.000000000000000
32.223700000000001 -4.068440000000000 80.000000000000000
32.223700000000001 -4.068440000000000 100.000000000000000
32.223700000000001 -4.068440000000000 120.000000000000000
32.223700000000001 -4.068440000000000 140.000000000000000
32.223700000000001 -4.068440000000000 166.667000000000002
32.223700000000001 -4.068440000000000 186.667000000000002
32.223700000000001 -4.068440000000000 200.000000000000000
40.560000000000002 -3.799730000000000 0.000000000000000
40.560000000000002 -3.799730000000000 13.333299999999999
40.560000000000002 -3.799730000000000 33.333300000000001
40.560000000000002 -3.799730000000000 60.000000000000000
40.560000000000002 -3.799730000000000 80.000000000000000
40.560000000000002 -3.799730000000000 100.000000000000000
40.560000000000002 -3.799730000000000 120.000000000000000
40.560000000000002 -3.799730000000000 140.000000000000000
40.560000000000002 -3.799730000000000 166.667000000000002
40.560000000000002 -3.799730000000000 186.667000000000002
40.560000000000002 -3.799730000000000 200.000000000000000
50.004700000000000 -3.362150000000000 0.000000000000000
50.004700000000000 -3.362150000000000 13.333299999999999
50.004700000000000 -3.362150000000000 33.333300000000001
50.004700000000000 -3.362150000000000 60.000000000000000
50.004700000000000 -3.362150000000000 80.000000000000000
50.004700000000000 -3.362150000000000 100.000000000000000
50.004700000000000 -3.362150000000000 120.000000000000000
50.004700000000000 -3.362150000000000 140.000000000000000
50.004700000000000 -3.362150000000000 166.667000000000002
50.004700000000000 -3.362150000000000 186.667000000000002
50.004700000000000 -3.362150000000000 200.000000000000000
60.002000000000002 -2.764590000000000 0.000000000000000
60.002000000000002 -2.764590000000000 13.333299999999999
60.002000000000002 -2.764590000000000 33.333300000000001
60.002000000000002 -2.764590000000000 60.000000000000000
60.002000000000002 -2.764590000000000 80.000000000000000
60.002000000000002 -2.764590000000000 100.000000000000000
60.002000000000002 -2.764590000000000 120.000000000000000
60.002000000000002 -2.764590000000000 140.000000000000000
60.002000000000002 -2.764590000000000 166.667000000000002
60.002000000000002 -2.764590000000000 186.667000000000002
60.002000000000002 -2.764590000000000 200.000000000000000
70.001599999999996 -2.138560000000000 0.000000000000000
70.001599999999996 -2.138560000000000 13.333299999999999
70.001599999999996 -2.138560000000000 33.333300000000001
70.001599999999996 -2.138560000000000 60.000000000000000
70.001599999999996 -2.138560000000000 80.000000000000000
70.001599999999996 -2.138560000000000 100.000000000000000
70.001599999999996 -2.138560000000000 120.000000000000000
70.001599999999996 -2.138560000000000 140.000000000000000
70.001599999999996 -2.138560000000000 166.667000000000002
70.001599999999996 -2.138560000000000 186.667000000000002
70.001599999999996 -2.138560000000000 200.000000000000000
79.445700000000002 -1.554950000000000 0.000000000000000
79.445700000000002 -1.554950000000000 13.333299999999999
79.445700000000002 -1.554950000000000 33.333300000000001
79.445700000000002 -1.554950000000000 60.000000000000000
79.445700000000002 -1.554950000000000 80.000000000000000
79.445700000000002 -1.554950000000000 100.000000000000000
79.445700000000002 -1.554950000000000 120.000000000000000
79.445700000000002 -1.554950000000000 140.000000000000000
79.445700000000002 -1.554950000000000 166.667000000000002
79.445700000000002 -1.554950000000000 186.667000000000002
79.445700000000002 -1.554950000000000 200.000000000000000
89.448400000000007 -0.822767000000000 0.000000000000000
89.448400000000007 -0.822767000000000 13.333299999999999
89.448400000000007 -0.822767000000000 33.333300000000001
89.448400000000007 -0.822767000000000 60.000000000000000
89.448400000000007 -0.822767000000000 80.000000000000000
89.448400000000007 -0.822767000000000 100.000000000000000
89.448400000000007 -0.822767000000000 120.000000000000000
89.448400000000007 -0.822767000000000 140.000000000000000
89.448400000000007 -0.822767000000000 166.667000000000002
89.448400000000007 -0.822767000000000 186.667000000000002
89.448400000000007 -0.822767000000000 200.000000000000000
96.121600000000001 -0.463492000000000 0.000000000000000
96.121600000000001 -0.463492000000000 13.333299999999999
96.121600000000001 -0.463492000000000 33.333300000000001
96.121600000000001 -0.463492000000000 60.000000000000000
96.121600000000001 -0.463492000000000 80.000000000000000
96.121600000000001 -0.463492000000000 100.000000000000000
96.121600000000001 -0.463492000000000 120.000000000000000
96.121600000000001 -0.463492000000000 140.000000000000000
96.121600000000001 -0.463492000000000 166.667000000000002
96.121600000000001 -0.463492000000000 186.667000000000002
96.121600000000001 -0.463492000000000 200.000000000000000
100.000000000000000 0.000000000000000 0.000000000000000
100.000000000000000 0.000000000000000 13.333299999999999
100.000000000000000 0.000000000000000 33.333300000000001
100.000000000000000 0.000000000000000 60.000000000000000
100.000000000000000 0.000000000000000 80.000000000000000
100.000000000000000 0.000000000000000 100.000000000000000
100.000000000000000 0.000000000000000 120.000000000000000
100.000000000000000 0.000000000000000 140.000000000000000
100.000000000000000 0.000000000000000 166.667000000000002
100.000000000000000 0.000000000000000 186.667000000000002
100.000000000000000 0.000000000000000 200.000000000000000
